pick_bottle:
  x: -0.12091007743830633
  y: 0.11641577751795049
  z: 0.11300524178950984
